>chrom0
[100, 29, 69, 96, 61, 89, 30, 64, 70, 39, 97, 94, 62, 21, 90, 85, 57, 31, 43, 65, 73, 37, 71, 14, 4, 40, 10, 98, 78, 24, 95, 63, 93, 84, 23, 92, 22, 91, 86, 58, 54, 46, 32, 87, 2, 44, 66, 16, 74, 38, 20, 72, 13, 53, 15, 19, 5, 6, 7, 81, 49, 27, 59, 55, 41, 8, 82, 11, 47, 50, 33, 99, 28, 68, 60, 88, 56, 42, 36, 3, 9, 77, 83, 45, 1, 12, 52, 18, 80, 48, 26, 67, 35, 76, 0, 51, 17, 79, 25, 34, 75]
[100, 1, 68, 28, 34, 2, 59, 9, 37, 69, 29, 35, 3, 75, 5, 14, 26, 60, 78, 85, 10, 95, 56, 38, 42, 89, 70, 30, 21, 62, 67, 33, 8, 36, 4, 13, 25, 77, 55, 41, 7, 12, 76, 6, 83, 45, 53, 15, 97, 27, 58, 84, 94, 88, 61, 66, 40, 44, 52, 93, 92, 91, 49, 17, 79, 86, 50, 72, 18, 80, 46, 99, 0, 74, 20, 32, 24, 54, 11, 82, 96, 57, 87, 65, 39, 43, 51, 90, 48, 16, 71, 98, 73, 19, 31, 23, 81, 64, 47, 22, 63]
{'$': 0, 'a': 1, 'c': 30, 'g': 49, 't': 71}
{'$': [0, 0, 0, 0, 0, 0, 0, 0, 0, 0, 0, 0, 0, 0, 0, 0, 0, 0, 0, 0, 0, 0, 0, 0, 0, 0, 0, 0, 0, 0, 0, 0, 0, 0, 0, 0, 0, 0, 0, 0, 0, 0, 0, 0, 0, 0, 0, 0, 0, 0, 0, 0, 0, 0, 0, 0, 0, 0, 0, 0, 0, 0, 0, 0, 0, 0, 0, 0, 0, 0, 0, 0, 0, 0, 0, 0, 0, 0, 0, 0, 0, 0, 0, 0, 0, 0, 0, 0, 0, 0, 0, 0, 0, 0, 0, 1, 1, 1, 1, 1, 1, 1], 'a': [0, 0, 0, 0, 0, 0, 0, 1, 1, 2, 2, 3, 3, 4, 4, 5, 5, 5, 6, 6, 7, 7, 7, 8, 8, 8, 9, 9, 10, 10, 10, 11, 12, 12, 12, 12, 12, 13, 14, 15, 16, 16, 16, 17, 17, 17, 18, 19, 19, 20, 21, 21, 22, 22, 22, 23, 23, 24, 24, 24, 24, 24, 24, 24, 24, 25, 25, 25, 26, 26, 26, 26, 27, 27, 27, 27, 27, 27, 27, 27, 27, 27, 27, 27, 27, 27, 27, 27, 27, 27, 27, 27, 27, 27, 27, 27, 27, 27, 28, 29, 29, 29], 'c': [0, 0, 0, 0, 1, 1, 1, 1, 2, 2, 2, 2, 3, 3, 3, 3, 4, 4, 4, 4, 4, 4, 4, 4, 4, 4, 4, 4, 4, 4, 5, 5, 5, 6, 6, 7, 8, 8, 8, 8, 8, 8, 8, 8, 9, 9, 9, 9, 9, 9, 9, 9, 9, 9, 9, 9, 9, 9, 9, 9, 9, 9, 9, 10, 11, 11, 11, 11, 11, 12, 12, 13, 13, 13, 13, 13, 14, 14, 14, 14, 15, 15, 15, 15, 16, 16, 16, 16, 16, 16, 16, 16, 17, 17, 17, 17, 17, 18, 18, 18, 18, 19], 'g': [0, 0, 0, 0, 0, 0, 0, 0, 0, 0, 1, 1, 1, 1, 2, 2, 2, 2, 2, 2, 2, 3, 3, 3, 4, 4, 4, 4, 4, 4, 4, 4, 4, 4, 4, 4, 4, 4, 4, 4, 4, 5, 5, 5, 5, 5, 5, 5, 6, 6, 6, 7, 7, 7, 7, 7, 7, 7, 8, 9, 9, 9, 9, 9, 9, 9, 10, 11, 11, 11, 12, 12, 12, 13, 13, 14, 14, 15, 16, 16, 16, 17, 17, 18, 18, 18, 19, 19, 19, 19, 20, 20, 20, 20, 20, 20, 21, 21, 21, 21, 22, 22], 't': [0, 1, 2, 3, 3, 4, 5, 5, 5, 5, 5, 5, 5, 5, 5, 5, 5, 6, 6, 7, 7, 7, 8, 8, 8, 9, 9, 10, 10, 11, 11, 11, 11, 11, 12, 12, 12, 12, 12, 12, 12, 12, 13, 13, 13, 14, 14, 14, 14, 14, 14, 14, 14, 15, 16, 16, 17, 17, 17, 17, 18, 19, 20, 20, 20, 20, 20, 20, 20, 20, 20, 20, 20, 20, 21, 21, 21, 21, 21, 22, 22, 22, 23, 23, 23, 24, 24, 25, 26, 27, 27, 28, 28, 29, 30, 30, 30, 30, 30, 30, 30, 30]}
{'$': [0, 0, 0, 0, 0, 0, 0, 0, 0, 0, 0, 0, 0, 0, 0, 0, 0, 0, 0, 0, 0, 0, 0, 0, 0, 0, 0, 0, 0, 0, 0, 0, 0, 0, 0, 0, 0, 0, 0, 0, 0, 0, 0, 0, 0, 0, 0, 0, 0, 0, 0, 0, 0, 0, 0, 0, 0, 0, 0, 0, 0, 0, 0, 0, 0, 0, 0, 0, 0, 0, 0, 0, 0, 1, 1, 1, 1, 1, 1, 1, 1, 1, 1, 1, 1, 1, 1, 1, 1, 1, 1, 1, 1, 1, 1, 1, 1, 1, 1, 1, 1, 1], 'a': [0, 0, 0, 0, 0, 0, 1, 1, 1, 1, 2, 3, 4, 5, 5, 5, 5, 5, 6, 6, 6, 7, 7, 7, 8, 8, 8, 9, 10, 10, 10, 10, 10, 10, 11, 12, 12, 12, 12, 12, 12, 12, 12, 13, 14, 14, 14, 14, 15, 15, 16, 16, 16, 16, 16, 17, 17, 17, 17, 17, 17, 17, 17, 17, 17, 18, 19, 19, 19, 19, 19, 19, 19, 19, 19, 19, 19, 19, 19, 20, 20, 21, 22, 22, 22, 23, 24, 24, 25, 25, 25, 26, 26, 26, 26, 27, 27, 27, 27, 27, 28, 29], 'c': [0, 0, 0, 1, 1, 2, 2, 2, 3, 4, 4, 4, 4, 4, 4, 5, 6, 7, 7, 8, 8, 8, 8, 9, 9, 10, 10, 10, 10, 10, 10, 10, 10, 11, 11, 11, 12, 12, 13, 13, 13, 14, 14, 14, 14, 14, 14, 14, 14, 14, 14, 14, 15, 15, 15, 15, 15, 15, 15, 15, 15, 15, 15, 15, 15, 15, 15, 15, 15, 15, 15, 16, 16, 16, 16, 16, 16, 16, 17, 17, 17, 17, 17, 17, 17, 17, 17, 17, 17, 17, 18, 18, 19, 19, 19, 19, 19, 19, 19, 19, 19, 19], 'g': [0, 0, 0, 0, 1, 1, 1, 2, 2, 2, 2, 2, 2, 2, 2, 2, 2, 2, 2, 2, 3, 3, 4, 4, 4, 4, 5, 5, 5, 5, 6, 7, 7, 7, 7, 7, 7, 7, 7, 7, 8, 8, 8, 8, 8, 8, 9, 10, 10, 10, 10, 10, 10, 11, 11, 11, 11, 11, 11, 11, 12, 13, 13, 13, 13, 13, 13, 14, 14, 15, 16, 16, 16, 16, 16, 16, 16, 16, 16, 16, 16, 16, 16, 17, 17, 17, 17, 18, 18, 18, 18, 18, 18, 19, 20, 20, 20, 21, 21, 22, 22, 22], 't': [0, 1, 2, 2, 2, 2, 2, 2, 2, 2, 2, 2, 2, 2, 3, 3, 3, 3, 3, 3, 3, 3, 3, 3, 3, 3, 3, 3, 3, 4, 4, 4, 5, 5, 5, 5, 5, 6, 6, 7, 7, 7, 8, 8, 8, 9, 9, 9, 9, 10, 10, 11, 11, 11, 12, 12, 13, 14, 15, 16, 16, 16, 17, 18, 19, 19, 19, 19, 20, 20, 20, 20, 21, 21, 22, 23, 24, 25, 25, 25, 26, 26, 26, 26, 27, 27, 27, 27, 27, 28, 28, 28, 28, 28, 28, 28, 29, 29, 30, 30, 30, 30]}
>chrom1
[100, 99, 9, 40, 60, 10, 55, 7, 15, 43, 93, 67, 17, 45, 5, 41, 91, 52, 61, 11, 21, 48, 56, 80, 32, 96, 8, 54, 16, 44, 51, 95, 94, 27, 28, 82, 77, 29, 63, 83, 13, 78, 30, 68, 34, 18, 64, 74, 70, 89, 46, 25, 23, 84, 86, 1, 36, 6, 14, 42, 92, 4, 20, 79, 31, 53, 62, 12, 73, 69, 22, 35, 19, 65, 49, 75, 71, 57, 98, 39, 59, 66, 90, 47, 50, 26, 81, 76, 33, 88, 24, 85, 0, 3, 72, 97, 38, 58, 87, 2, 37]
[100, 88, 89, 43, 38, 58, 54, 90, 82, 3, 44, 47, 56, 92, 6, 67, 19, 84, 78, 94, 51, 8, 32, 0, 39, 59, 53, 81, 55, 91, 5, 83, 31, 4, 69, 15, 70, 35, 16, 71, 21, 86, 36, 45, 76, 29, 63, 25, 98, 65, 17, 13, 74, 72, 48, 22, 10, 87, 42, 37, 57, 46, 77, 93, 50, 7, 80, 30, 68, 34, 20, 85, 28, 24, 64, 79, 26, 95, 99, 2, 66, 18, 52, 14, 75, 62, 97, 12, 73, 9, 41, 49, 33, 27, 23, 1, 61, 96, 11, 40, 60]
{'$': 0, 'a': 1, 'c': 26, 'g': 57, 't': 78}
{'$': [0, 0, 0, 0, 0, 0, 0, 0, 0, 0, 0, 0, 0, 0, 0, 0, 0, 0, 0, 0, 0, 0, 0, 0, 0, 0, 0, 0, 0, 0, 0, 0, 0, 0, 0, 0, 0, 0, 0, 0, 0, 0, 0, 0, 0, 0, 0, 0, 0, 0, 0, 0, 0, 0, 0, 0, 0, 0, 0, 0, 0, 0, 0, 0, 0, 0, 0, 0, 0, 0, 0, 0, 0, 0, 0, 0, 0, 0, 0, 0, 0, 0, 0, 0, 0, 0, 0, 0, 0, 0, 0, 0, 0, 1, 1, 1, 1, 1, 1, 1, 1, 1], 'a': [0, 1, 1, 1, 1, 1, 2, 2, 2, 2, 2, 2, 2, 2, 2, 2, 3, 3, 3, 4, 5, 5, 5, 6, 6, 6, 6, 7, 7, 8, 9, 9, 9, 10, 10, 10, 10, 10, 10, 10, 10, 10, 10, 10, 11, 11, 12, 12, 12, 12, 12, 13, 13, 13, 13, 13, 13, 13, 14, 14, 15, 16, 16, 16, 16, 16, 17, 18, 19, 19, 19, 20, 20, 20, 20, 21, 21, 21, 22, 22, 22, 22, 22, 22, 22, 22, 22, 23, 23, 24, 24, 24, 24, 24, 24, 24, 25, 25, 25, 25, 25, 25], 'c': [0, 0, 0, 1, 1, 1, 1, 2, 2, 2, 2, 2, 2, 3, 4, 4, 4, 4, 5, 5, 5, 5, 5, 5, 5, 5, 6, 6, 6, 6, 6, 6, 7, 7, 7, 8, 8, 8, 9, 9, 10, 10, 11, 12, 12, 12, 12, 13, 13, 13, 13, 13, 13, 13, 14, 14, 14, 14, 14, 15, 15, 15, 15, 15, 16, 17, 17, 17, 17, 17, 18, 18, 19, 20, 21, 21, 22, 23, 23, 23, 23, 23, 23, 24, 25, 25, 26, 26, 26, 26, 26, 27, 28, 28, 28, 28, 28, 28, 28, 29, 30, 31], 'g': [0, 0, 0, 0, 0, 0, 0, 0, 1, 2, 3, 4, 4, 4, 4, 5, 5, 5, 5, 5, 5, 6, 6, 6, 7, 8, 8, 8, 9, 9, 9, 9, 9, 9, 9, 9, 9, 9, 9, 10, 10, 11, 11, 11, 11, 11, 11, 11, 12, 13, 13, 13, 13, 14, 14, 14, 14, 15, 15, 15, 15, 15, 15, 16, 16, 16, 16, 16, 16, 16, 16, 16, 16, 16, 16, 16, 16, 16, 16, 16, 16, 16, 17, 17, 17, 18, 18, 18, 19, 19, 19, 19, 19, 19, 19, 20, 20, 20, 21, 21, 21, 21], 't': [0, 0, 1, 1, 2, 3, 3, 3, 3, 3, 3, 3, 4, 4, 4, 4, 4, 5, 5, 5, 5, 5, 6, 6, 6, 6, 6, 6, 6, 6, 6, 7, 7, 7, 8, 8, 9, 10, 10, 10, 10, 10, 10, 10, 10, 11, 11, 11, 11, 11, 12, 12, 13, 13, 13, 14, 15, 15, 15, 15, 15, 15, 16, 16, 16, 16, 16, 16, 16, 17, 17, 17, 17, 17, 17, 17, 17, 17, 17, 18, 19, 20, 20, 20, 20, 20, 20, 20, 20, 20, 21, 21, 21, 21, 22, 22, 22, 23, 23, 23, 23, 23]}
{'$': [0, 0, 0, 0, 0, 0, 0, 0, 0, 0, 0, 0, 0, 0, 0, 0, 0, 0, 0, 0, 0, 0, 0, 0, 1, 1, 1, 1, 1, 1, 1, 1, 1, 1, 1, 1, 1, 1, 1, 1, 1, 1, 1, 1, 1, 1, 1, 1, 1, 1, 1, 1, 1, 1, 1, 1, 1, 1, 1, 1, 1, 1, 1, 1, 1, 1, 1, 1, 1, 1, 1, 1, 1, 1, 1, 1, 1, 1, 1, 1, 1, 1, 1, 1, 1, 1, 1, 1, 1, 1, 1, 1, 1, 1, 1, 1, 1, 1, 1, 1, 1, 1], 'a': [0, 0, 0, 1, 1, 1, 1, 1, 2, 2, 2, 3, 3, 3, 3, 3, 3, 3, 3, 3, 3, 3, 3, 3, 3, 4, 5, 5, 5, 6, 7, 7, 8, 8, 9, 9, 9, 9, 9, 9, 9, 9, 9, 9, 10, 10, 10, 10, 10, 10, 10, 10, 10, 10, 10, 11, 11, 11, 11, 11, 11, 12, 12, 12, 13, 13, 14, 14, 14, 15, 15, 16, 17, 17, 17, 17, 18, 18, 19, 19, 19, 19, 19, 20, 20, 20, 20, 20, 20, 20, 21, 21, 21, 22, 22, 22, 23, 23, 23, 23, 24, 25], 'c': [0, 0, 0, 0, 0, 0, 0, 1, 1, 2, 2, 2, 2, 3, 4, 5, 5, 5, 6, 6, 6, 6, 6, 7, 7, 7, 7, 7, 7, 7, 7, 8, 8, 8, 8, 8, 8, 9, 9, 10, 11, 11, 11, 12, 12, 12, 12, 12, 12, 12, 12, 13, 13, 13, 14, 14, 15, 15, 16, 16, 17, 17, 18, 19, 19, 19, 19, 19, 20, 20, 20, 20, 20, 20, 20, 21, 21, 22, 22, 23, 23, 24, 25, 25, 26, 27, 27, 27, 27, 28, 28, 28, 29, 29, 29, 30, 30, 30, 30, 31, 31, 31], 'g': [0, 0, 1, 1, 2, 3, 4, 4, 4, 4, 4, 4, 5, 5, 5, 5, 5, 5, 5, 6, 7, 8, 9, 9, 9, 9, 9, 9, 10, 10, 10, 10, 10, 11, 11, 12, 12, 12, 13, 13, 13, 14, 15, 15, 15, 15, 16, 16, 17, 17, 18, 18, 18, 18, 18, 18, 18, 18, 18, 18, 18, 18, 18, 18, 18, 18, 18, 19, 19, 19, 19, 19, 19, 19, 19, 19, 19, 19, 19, 19, 19, 19, 19, 19, 19, 19, 19, 19, 19, 19, 19, 19, 19, 19, 20, 20, 20, 20, 21, 21, 21, 21], 't': [0, 1, 1, 1, 1, 1, 1, 1, 1, 1, 2, 2, 2, 2, 2, 2, 3, 4, 4, 4, 4, 4, 4, 4, 4, 4, 4, 5, 5, 5, 5, 5, 5, 5, 5, 5, 6, 6, 6, 6, 6, 6, 6, 6, 6, 7, 7, 8, 8, 9, 9, 9, 10, 11, 11, 11, 11, 12, 12, 13, 13, 13, 13, 13, 13, 14, 14, 14, 14, 14, 15, 15, 15, 16, 17, 17, 17, 17, 17, 17, 18, 18, 18, 18, 18, 18, 19, 20, 21, 21, 21, 22, 22, 22, 22, 22, 22, 23, 23, 23, 23, 23]}
>chrom2
[100, 99, 98, 7, 26, 76, 34, 60, 38, 5, 47, 8, 68, 27, 86, 55, 73, 77, 50, 0, 90, 96, 23, 2, 20, 35, 61, 39, 6, 25, 59, 4, 49, 48, 9, 82, 69, 10, 15, 80, 28, 64, 83, 70, 87, 56, 11, 74, 45, 78, 16, 31, 51, 54, 22, 1, 81, 14, 44, 30, 43, 29, 42, 91, 92, 65, 93, 66, 84, 71, 88, 94, 18, 57, 12, 97, 75, 33, 37, 46, 67, 85, 72, 89, 95, 19, 24, 58, 3, 79, 63, 53, 21, 13, 41, 17, 32, 36, 62, 52, 40]
[100, 99, 91, 72, 38, 0, 22, 60, 64, 92, 49, 94, 73, 39, 97, 76, 44, 1, 23, 52, 9, 26, 13, 31, 3, 79, 61, 65, 90, 71, 21, 48, 93, 43, 51, 25, 12, 30, 89, 50, 29, 88, 16, 83, 17, 68, 54, 84, 95, 74, 19, 40, 35, 98, 8, 70, 42, 11, 28, 87, 15, 18, 34, 7, 69, 33, 6, 5, 55, 56, 77, 81, 85, 57, 45, 37, 59, 63, 96, 75, 2, 78, 20, 47, 24, 82, 67, 53, 41, 10, 27, 86, 14, 32, 4, 80, 36, 58, 62, 46, 66]
{'$': 0, 'a': 1, 'c': 28, 'g': 53, 't': 75}
{'$': [0, 0, 0, 0, 0, 0, 0, 0, 0, 0, 0, 0, 0, 0, 0, 0, 0, 0, 0, 0, 1, 1, 1, 1, 1, 1, 1, 1, 1, 1, 1, 1, 1, 1, 1, 1, 1, 1, 1, 1, 1, 1, 1, 1, 1, 1, 1, 1, 1, 1, 1, 1, 1, 1, 1, 1, 1, 1, 1, 1, 1, 1, 1, 1, 1, 1, 1, 1, 1, 1, 1, 1, 1, 1, 1, 1, 1, 1, 1, 1, 1, 1, 1, 1, 1, 1, 1, 1, 1, 1, 1, 1, 1, 1, 1, 1, 1, 1, 1, 1, 1, 1], 'a': [0, 1, 2, 2, 2, 2, 2, 2, 2, 2, 2, 2, 3, 3, 4, 4, 4, 4, 5, 5, 5, 5, 5, 5, 5, 5, 6, 7, 8, 9, 9, 9, 9, 9, 10, 11, 11, 12, 12, 12, 12, 13, 13, 13, 13, 14, 15, 15, 16, 16, 17, 17, 17, 18, 18, 18, 19, 19, 19, 19, 19, 19, 19, 19, 20, 20, 20, 20, 20, 20, 20, 20, 20, 20, 20, 20, 21, 21, 21, 21, 21, 21, 21, 21, 21, 21, 21, 22, 22, 23, 23, 23, 23, 24, 24, 24, 24, 24, 25, 26, 26, 27], 'c': [0, 0, 0, 0, 1, 2, 2, 2, 3, 3, 4, 4, 4, 4, 4, 4, 4, 4, 4, 5, 5, 5, 5, 5, 5, 5, 5, 5, 5, 5, 5, 5, 5, 6, 6, 6, 6, 6, 7, 7, 7, 7, 7, 8, 9, 9, 9, 10, 10, 10, 10, 11, 11, 11, 11, 11, 11, 12, 12, 12, 12, 12, 13, 13, 13, 13, 14, 14, 14, 15, 16, 17, 17, 17, 18, 19, 19, 20, 20, 20, 21, 21, 21, 21, 21, 21, 21, 21, 21, 21, 22, 22, 22, 22, 22, 22, 23, 24, 24, 24, 25, 25], 'g': [0, 0, 0, 0, 0, 0, 0, 0, 0, 0, 0, 0, 0, 0, 0, 0, 1, 1, 1, 1, 1, 1, 1, 2, 3, 3, 3, 3, 3, 3, 3, 3, 3, 3, 3, 3, 4, 4, 4, 5, 5, 5, 5, 5, 5, 5, 5, 5, 5, 6, 6, 6, 7, 7, 7, 7, 7, 7, 7, 8, 9, 10, 10, 10, 10, 11, 11, 12, 13, 13, 13, 13, 14, 14, 14, 14, 14, 14, 14, 14, 14, 15, 16, 17, 18, 19, 20, 20, 21, 21, 21, 21, 21, 21, 22, 22, 22, 22, 22, 22, 22, 22], 't': [0, 0, 0, 1, 1, 1, 2, 3, 3, 4, 4, 5, 5, 6, 6, 7, 7, 8, 8, 8, 8, 9, 10, 10, 10, 11, 11, 11, 11, 11, 12, 13, 14, 14, 14, 14, 14, 14, 14, 14, 15, 15, 16, 16, 16, 16, 16, 16, 16, 16, 16, 16, 16, 16, 17, 18, 18, 18, 19, 19, 19, 19, 19, 20, 20, 20, 20, 20, 20, 20, 20, 20, 20, 21, 21, 21, 21, 21, 22, 23, 23, 23, 23, 23, 23, 23, 23, 23, 23, 23, 23, 24, 25, 25, 25, 26, 26, 26, 26, 26, 26, 26]}
{'$': [0, 0, 0, 0, 0, 0, 1, 1, 1, 1, 1, 1, 1, 1, 1, 1, 1, 1, 1, 1, 1, 1, 1, 1, 1, 1, 1, 1, 1, 1, 1, 1, 1, 1, 1, 1, 1, 1, 1, 1, 1, 1, 1, 1, 1, 1, 1, 1, 1, 1, 1, 1, 1, 1, 1, 1, 1, 1, 1, 1, 1, 1, 1, 1, 1, 1, 1, 1, 1, 1, 1, 1, 1, 1, 1, 1, 1, 1, 1, 1, 1, 1, 1, 1, 1, 1, 1, 1, 1, 1, 1, 1, 1, 1, 1, 1, 1, 1, 1, 1, 1, 1], 'a': [0, 1, 1, 1, 1, 1, 1, 1, 1, 1, 2, 2, 2, 3, 4, 4, 4, 4, 5, 6, 6, 6, 6, 6, 6, 6, 6, 7, 8, 8, 8, 8, 8, 9, 9, 9, 9, 9, 9, 9, 10, 10, 10, 10, 10, 10, 10, 10, 10, 11, 12, 12, 13, 13, 14, 14, 14, 14, 14, 14, 14, 14, 14, 14, 14, 14, 14, 14, 14, 14, 14, 15, 15, 15, 15, 16, 16, 16, 16, 16, 16, 17, 17, 17, 17, 18, 18, 18, 19, 19, 20, 21, 21, 22, 23, 24, 25, 25, 25, 26, 26, 27], 'c': [0, 0, 0, 1, 2, 2, 2, 3, 3, 3, 3, 4, 5, 5, 5, 5, 5, 6, 6, 6, 7, 7, 8, 9, 10, 10, 10, 10, 10, 11, 11, 11, 11, 11, 11, 12, 12, 12, 13, 14, 14, 14, 14, 14, 14, 15, 15, 15, 16, 16, 16, 16, 16, 16, 16, 16, 16, 16, 16, 16, 16, 16, 17, 17, 17, 18, 18, 18, 18, 19, 19, 19, 19, 20, 20, 20, 20, 20, 20, 21, 22, 22, 22, 23, 23, 23, 23, 23, 23, 24, 24, 24, 24, 24, 24, 24, 24, 25, 25, 25, 25, 25], 'g': [0, 0, 1, 1, 1, 1, 1, 1, 1, 1, 1, 1, 1, 1, 1, 1, 1, 1, 1, 1, 1, 2, 2, 2, 2, 2, 2, 2, 2, 2, 3, 3, 3, 3, 4, 4, 4, 5, 5, 5, 5, 6, 7, 8, 8, 8, 8, 8, 8, 8, 8, 9, 9, 10, 10, 11, 12, 12, 12, 12, 12, 12, 12, 13, 14, 14, 14, 15, 15, 15, 16, 16, 16, 16, 17, 17, 17, 17, 17, 17, 17, 17, 18, 18, 18, 18, 19, 19, 19, 19, 19, 19, 20, 20, 20, 20, 20, 20, 21, 21, 22, 22], 't': [0, 0, 0, 0, 0, 1, 1, 1, 2, 3, 3, 3, 3, 3, 3, 4, 5, 5, 5, 5, 5, 5, 5, 5, 5, 6, 7, 7, 7, 7, 7, 8, 9, 9, 9, 9, 10, 10, 10, 10, 10, 10, 10, 10, 11, 11, 12, 13, 13, 13, 13, 13, 13, 13, 13, 13, 13, 14, 15, 16, 17, 18, 18, 18, 18, 18, 19, 19, 20, 20, 20, 20, 21, 21, 21, 21, 22, 23, 24, 24, 24, 24, 24, 24, 25, 25, 25, 26, 26, 26, 26, 26, 26, 26, 26, 26, 26, 26, 26, 26, 26, 26]}
>chrom3
[100, 32, 74, 55, 87, 97, 33, 75, 56, 65, 44, 9, 88, 98, 34, 18, 94, 76, 30, 7, 57, 66, 59, 41, 37, 45, 10, 89, 68, 62, 99, 86, 29, 6, 40, 36, 61, 5, 35, 4, 79, 49, 1, 19, 70, 80, 50, 2, 20, 71, 22, 83, 95, 16, 77, 81, 51, 25, 31, 73, 64, 43, 8, 58, 67, 28, 39, 60, 3, 48, 0, 21, 24, 72, 42, 38, 23, 13, 53, 84, 14, 46, 11, 90, 54, 96, 17, 93, 85, 78, 69, 82, 15, 63, 27, 47, 12, 52, 92, 26, 91]
[100, 10, 65, 23, 42, 11, 89, 66, 54, 24, 33, 1, 43, 62, 92, 37, 58, 69, 12, 40, 31, 90, 67, 55, 25, 34, 2, 81, 44, 5, 64, 22, 0, 80, 4, 63, 79, 93, 48, 18, 97, 94, 49, 28, 19, 98, 38, 77, 95, 59, 74, 50, 70, 29, 20, 16, 13, 83, 99, 9, 41, 88, 53, 32, 61, 91, 57, 68, 39, 78, 96, 27, 76, 15, 60, 56, 26, 75, 85, 35, 46, 86, 51, 71, 36, 30, 21, 3, 47, 17, 73, 82, 8, 87, 52, 14, 84, 45, 72, 7, 6]
{'$': 0, 'a': 1, 'c': 30, 'g': 58, 't': 84}
{'$': [0, 0, 0, 0, 0, 0, 0, 0, 0, 0, 0, 0, 0, 0, 0, 0, 0, 0, 0, 0, 0, 0, 0, 0, 0, 0, 0, 0, 0, 0, 0, 0, 0, 0, 0, 0, 0, 0, 0, 0, 0, 0, 0, 0, 0, 0, 0, 0, 0, 0, 0, 0, 0, 0, 0, 0, 0, 0, 0, 0, 0, 0, 0, 0, 0, 0, 0, 0, 0, 0, 0, 1, 1, 1, 1, 1, 1, 1, 1, 1, 1, 1, 1, 1, 1, 1, 1, 1, 1, 1, 1, 1, 1, 1, 1, 1, 1, 1, 1, 1, 1, 1], 'a': [0, 0, 0, 0, 0, 0, 0, 1, 2, 3, 3, 3, 3, 4, 5, 6, 6, 6, 7, 7, 7, 8, 9, 9, 9, 9, 10, 11, 12, 12, 12, 13, 13, 13, 13, 13, 13, 13, 13, 14, 14, 14, 14, 14, 15, 15, 15, 15, 15, 15, 15, 15, 15, 16, 16, 17, 17, 17, 17, 18, 18, 18, 18, 19, 20, 21, 21, 21, 22, 22, 22, 22, 22, 22, 22, 23, 24, 24, 24, 24, 24, 24, 25, 26, 27, 27, 27, 27, 27, 27, 27, 28, 28, 28, 29, 29, 29, 29, 29, 29, 29, 29], 'c': [0, 1, 1, 1, 1, 2, 2, 2, 2, 2, 2, 2, 2, 2, 2, 2, 2, 2, 2, 3, 4, 4, 4, 4, 5, 6, 6, 6, 6, 6, 7, 7, 7, 7, 8, 8, 9, 9, 10, 10, 10, 10, 10, 10, 10, 10, 11, 12, 13, 14, 15, 15, 15, 15, 15, 15, 16, 17, 17, 17, 17, 17, 17, 17, 17, 17, 17, 17, 17, 18, 18, 18, 19, 19, 20, 20, 20, 21, 21, 21, 22, 22, 22, 22, 22, 22, 23, 24, 24, 24, 25, 25, 26, 26, 26, 26, 26, 26, 27, 27, 28, 28], 'g': [0, 0, 1, 2, 2, 2, 2, 2, 2, 2, 3, 4, 5, 5, 5, 5, 5, 5, 5, 5, 5, 5, 5, 6, 6, 6, 6, 6, 6, 7, 7, 7, 7, 8, 8, 9, 9, 10, 10, 10, 11, 11, 12, 13, 13, 13, 13, 13, 13, 13, 13, 14, 14, 14, 14, 14, 14, 14, 15, 15, 16, 16, 17, 17, 17, 17, 17, 18, 18, 18, 18, 18, 18, 19, 19, 19, 19, 19, 19, 19, 19, 20, 20, 20, 20, 21, 21, 21, 21, 22, 22, 22, 22, 23, 23, 23, 24, 25, 25, 25, 25, 26], 't': [0, 0, 0, 0, 1, 1, 2, 2, 2, 2, 2, 2, 2, 2, 2, 2, 3, 4, 4, 4, 4, 4, 4, 4, 4, 4, 4, 4, 4, 4, 4, 4, 5, 5, 5, 5, 5, 5, 5, 5, 5, 6, 6, 6, 6, 7, 7, 7, 7, 7, 7, 7, 8, 8, 9, 9, 9, 9, 9, 9, 9, 10, 10, 10, 10, 10, 11, 11, 11, 11, 12, 12, 12, 12, 12, 12, 12, 12, 13, 14, 14, 14, 14, 14, 14, 14, 14, 14, 15, 15, 15, 15, 15, 15, 15, 16, 16, 16, 16, 17, 17, 17]}
{'$': [0, 0, 0, 0, 0, 0, 0, 0, 0, 0, 0, 0, 0, 0, 0, 0, 0, 0, 0, 0, 0, 0, 0, 0, 0, 0, 0, 0, 0, 0, 0, 0, 0, 1, 1, 1, 1, 1, 1, 1, 1, 1, 1, 1, 1, 1, 1, 1, 1, 1, 1, 1, 1, 1, 1, 1, 1, 1, 1, 1, 1, 1, 1, 1, 1, 1, 1, 1, 1, 1, 1, 1, 1, 1, 1, 1, 1, 1, 1, 1, 1, 1, 1, 1, 1, 1, 1, 1, 1, 1, 1, 1, 1, 1, 1, 1, 1, 1, 1, 1, 1, 1], 'a': [0, 0, 0, 0, 0, 0, 1, 1, 2, 2, 3, 3, 3, 4, 4, 4, 4, 4, 4, 5, 5, 5, 6, 7, 8, 9, 10, 11, 11, 12, 12, 12, 12, 12, 12, 12, 13, 13, 14, 14, 14, 14, 14, 14, 14, 14, 14, 15, 15, 15, 16, 16, 16, 17, 17, 17, 17, 18, 18, 18, 18, 19, 19, 19, 20, 20, 21, 21, 22, 22, 22, 22, 22, 22, 22, 22, 23, 24, 24, 24, 25, 25, 25, 25, 25, 25, 25, 25, 26, 26, 26, 26, 27, 27, 27, 27, 27, 27, 28, 28, 28, 29], 'c': [0, 0, 0, 1, 2, 2, 2, 2, 2, 2, 2, 2, 3, 3, 3, 3, 3, 3, 3, 3, 3, 3, 3, 3, 3, 3, 3, 3, 4, 4, 5, 6, 6, 6, 7, 7, 7, 7, 7, 7, 7, 7, 8, 9, 9, 10, 11, 11, 11, 12, 12, 12, 13, 13, 14, 15, 15, 15, 15, 16, 16, 16, 16, 16, 16, 16, 16, 16, 16, 17, 18, 19, 19, 19, 19, 20, 20, 20, 21, 21, 21, 21, 21, 22, 23, 23, 24, 25, 25, 25, 26, 26, 26, 26, 26, 26, 27, 28, 28, 28, 28, 28], 'g': [0, 1, 2, 2, 2, 3, 3, 4, 4, 5, 5, 6, 6, 6, 7, 8, 8, 9, 10, 10, 11, 11, 11, 11, 11, 11, 11, 11, 11, 11, 11, 11, 11, 11, 11, 11, 11, 12, 12, 12, 12, 13, 13, 13, 14, 14, 14, 14, 15, 15, 15, 15, 15, 15, 15, 15, 16, 16, 16, 16, 16, 16, 16, 16, 16, 17, 17, 18, 18, 18, 18, 18, 19, 20, 20, 20, 20, 20, 20, 20, 20, 20, 21, 21, 21, 22, 22, 22, 22, 23, 23, 23, 23, 23, 24, 25, 25, 25, 25, 26, 26, 26], 't': [0, 0, 0, 0, 0, 0, 0, 0, 0, 0, 0, 0, 0, 0, 0, 0, 1, 1, 1, 1, 1, 2, 2, 2, 2, 2, 2, 2, 2, 2, 2, 2, 3, 3, 3, 4, 4, 4, 4, 5, 6, 6, 6, 6, 6, 6, 6, 6, 6, 6, 6, 7, 7, 7, 7, 7, 7, 7, 8, 8, 9, 9, 10, 11, 11, 11, 11, 11, 11, 11, 11, 11, 11, 11, 12, 12, 12, 12, 12, 13, 13, 14, 14, 14, 14, 14, 14, 14, 14, 14, 14, 15, 15, 16, 16, 16, 16, 16, 16, 16, 17, 17]}
>chrom4
[100, 21, 3, 61, 28, 64, 71, 73, 22, 75, 93, 35, 88, 83, 4, 62, 29, 9, 16, 65, 31, 56, 12, 20, 60, 70, 72, 74, 34, 87, 11, 23, 24, 18, 76, 0, 78, 38, 41, 91, 7, 67, 25, 95, 44, 99, 2, 82, 55, 19, 59, 69, 33, 86, 77, 37, 90, 94, 98, 1, 81, 85, 36, 89, 80, 84, 79, 51, 39, 5, 42, 49, 47, 52, 27, 63, 92, 8, 15, 30, 10, 17, 40, 6, 66, 43, 54, 58, 68, 32, 97, 50, 48, 46, 26, 14, 53, 57, 96, 45, 13]
[100, 77, 37, 95, 34, 70, 24, 26, 78, 11, 64, 28, 38, 87, 96, 16, 43, 35, 68, 6, 90, 71, 83, 99, 76, 23, 25, 27, 75, 74, 4, 21, 79, 8, 61, 12, 65, 29, 39, 32, 88, 81, 92, 58, 55, 94, 10, 63, 15, 5, 98, 22, 20, 60, 80, 57, 9, 62, 14, 97, 19, 13, 18, 17, 47, 0, 66, 30, 48, 50, 40, 1, 52, 44, 36, 33, 69, 86, 42, 67, 89, 82, 73, 3, 7, 31, 91, 54, 93, 59, 56, 46, 49, 51, 85, 41, 72, 2, 53, 45, 84]
{'$': 0, 'a': 1, 'c': 23, 'g': 45, 't': 74}
{'$': [0, 0, 0, 0, 0, 0, 0, 0, 0, 0, 0, 0, 0, 0, 0, 0, 0, 0, 0, 0, 0, 0, 0, 0, 0, 0, 0, 0, 0, 0, 0, 0, 0, 0, 0, 0, 1, 1, 1, 1, 1, 1, 1, 1, 1, 1, 1, 1, 1, 1, 1, 1, 1, 1, 1, 1, 1, 1, 1, 1, 1, 1, 1, 1, 1, 1, 1, 1, 1, 1, 1, 1, 1, 1, 1, 1, 1, 1, 1, 1, 1, 1, 1, 1, 1, 1, 1, 1, 1, 1, 1, 1, 1, 1, 1, 1, 1, 1, 1, 1, 1, 1], 'a': [0, 0, 0, 0, 0, 0, 0, 0, 0, 1, 1, 1, 1, 1, 1, 2, 3, 4, 4, 4, 5, 5, 5, 5, 5, 5, 5, 6, 7, 7, 7, 7, 8, 8, 8, 9, 9, 9, 9, 9, 9, 9, 9, 9, 9, 9, 9, 9, 9, 9, 9, 9, 9, 9, 9, 9, 9, 9, 10, 10, 10, 10, 10, 11, 12, 12, 13, 13, 13, 13, 14, 14, 14, 14, 14, 14, 15, 15, 15, 15, 16, 17, 18, 18, 18, 19, 19, 19, 19, 19, 20, 20, 20, 20, 20, 20, 20, 20, 21, 21, 21, 22], 'c': [0, 0, 1, 1, 2, 2, 2, 3, 4, 4, 5, 5, 6, 7, 7, 7, 7, 7, 7, 7, 7, 7, 7, 8, 8, 8, 8, 8, 8, 8, 8, 8, 8, 9, 9, 9, 9, 9, 9, 9, 9, 9, 9, 10, 10, 10, 10, 10, 10, 10, 11, 11, 11, 11, 11, 12, 12, 12, 12, 12, 13, 13, 13, 13, 13, 13, 13, 14, 14, 15, 15, 16, 16, 16, 16, 16, 16, 17, 18, 18, 18, 18, 18, 18, 18, 18, 18, 18, 18, 19, 19, 19, 19, 19, 19, 20, 20, 20, 20, 21, 22, 22], 'g': [0, 1, 1, 2, 2, 2, 2, 2, 2, 2, 2, 2, 2, 2, 3, 3, 3, 3, 3, 3, 3, 3, 4, 4, 5, 6, 7, 7, 7, 8, 9, 9, 9, 9, 9, 9, 9, 10, 11, 11, 12, 12, 12, 12, 13, 13, 14, 15, 16, 16, 16, 16, 16, 16, 17, 17, 18, 19, 19, 19, 19, 20, 21, 21, 21, 22, 22, 22, 22, 22, 22, 22, 22, 22, 23, 23, 23, 23, 23, 23, 23, 23, 23, 24, 25, 25, 26, 26, 26, 26, 26, 26, 27, 28, 28, 28, 28, 29, 29, 29, 29, 29], 't': [0, 0, 0, 0, 0, 1, 2, 2, 2, 2, 2, 3, 3, 3, 3, 3, 3, 3, 4, 5, 5, 6, 6, 6, 6, 6, 6, 6, 6, 6, 6, 7, 7, 7, 8, 8, 8, 8, 8, 9, 9, 10, 11, 11, 11, 12, 12, 12, 12, 13, 13, 14, 15, 16, 16, 16, 16, 16, 16, 17, 17, 17, 17, 17, 17, 17, 17, 17, 18, 18, 18, 18, 19, 20, 20, 21, 21, 21, 21, 22, 22, 22, 22, 22, 22, 22, 22, 23, 24, 24, 24, 25, 25, 25, 26, 26, 27, 27, 27, 27, 27, 27]}
{'$': [0, 0, 0, 0, 0, 0, 0, 0, 0, 0, 0, 0, 0, 0, 0, 0, 0, 0, 0, 0, 0, 0, 0, 0, 0, 0, 0, 0, 0, 0, 0, 0, 0, 0, 0, 0, 0, 0, 0, 0, 0, 0, 0, 0, 0, 0, 0, 0, 0, 0, 0, 0, 0, 0, 0, 0, 0, 0, 0, 0, 0, 0, 0, 0, 0, 0, 1, 1, 1, 1, 1, 1, 1, 1, 1, 1, 1, 1, 1, 1, 1, 1, 1, 1, 1, 1, 1, 1, 1, 1, 1, 1, 1, 1, 1, 1, 1, 1, 1, 1, 1, 1], 'a': [0, 0, 0, 0, 0, 0, 0, 0, 0, 1, 1, 1, 1, 2, 2, 3, 3, 3, 4, 4, 4, 4, 5, 5, 5, 5, 5, 6, 7, 7, 7, 7, 7, 8, 8, 8, 9, 10, 11, 12, 12, 13, 13, 13, 13, 13, 13, 13, 13, 13, 13, 13, 13, 13, 13, 13, 13, 13, 13, 13, 14, 14, 14, 14, 15, 15, 15, 15, 15, 15, 15, 15, 15, 15, 16, 17, 17, 18, 18, 18, 18, 18, 18, 18, 18, 19, 19, 20, 20, 20, 20, 20, 20, 20, 20, 20, 20, 21, 21, 21, 21, 22], 'c': [0, 1, 2, 2, 2, 2, 2, 3, 4, 4, 4, 4, 5, 5, 5, 5, 5, 5, 5, 5, 5, 5, 5, 5, 5, 6, 6, 6, 6, 7, 7, 7, 7, 7, 7, 7, 7, 7, 7, 7, 7, 7, 7, 7, 7, 7, 7, 7, 7, 7, 8, 8, 9, 9, 9, 10, 10, 11, 12, 12, 12, 12, 13, 13, 13, 13, 13, 14, 15, 15, 15, 16, 16, 16, 16, 16, 17, 17, 17, 17, 17, 18, 19, 19, 19, 19, 19, 19, 19, 20, 21, 22, 22, 22, 22, 22, 22, 22, 22, 22, 22, 22], 'g': [0, 0, 0, 0, 1, 1, 1, 1, 1, 1, 2, 3, 3, 3, 3, 3, 4, 4, 4, 4, 5, 5, 5, 5, 6, 6, 7, 7, 7, 7, 7, 7, 8, 8, 8, 9, 9, 9, 9, 9, 9, 9, 10, 10, 11, 11, 11, 12, 13, 14, 14, 15, 15, 16, 16, 16, 16, 16, 16, 17, 17, 18, 18, 19, 19, 19, 19, 19, 19, 20, 20, 20, 21, 21, 21, 21, 21, 21, 21, 21, 22, 22, 22, 22, 22, 22, 23, 23, 23, 23, 23, 23, 23, 24, 25, 25, 26, 26, 27, 28, 29, 29], 't': [0, 0, 0, 1, 1, 2, 3, 3, 3, 3, 3, 3, 3, 3, 4, 4, 4, 5, 5, 6, 6, 7, 7, 8, 8, 8, 8, 8, 8, 8, 9, 10, 10, 10, 11, 11, 11, 11, 11, 11, 12, 12, 12, 13, 13, 14, 15, 15, 15, 15, 15, 15, 15, 15, 16, 16, 17, 17, 17, 17, 17, 17, 17, 17, 17, 18, 18, 18, 18, 18, 19, 19, 19, 20, 20, 20, 20, 20, 21, 22, 22, 22, 22, 23, 24, 24, 24, 24, 25, 25, 25, 25, 26, 26, 26, 27, 27, 27, 27, 27, 27, 27]}
>chrom5
[100, 79, 80, 94, 6, 75, 63, 18, 0, 72, 15, 36, 27, 81, 87, 95, 65, 58, 21, 99, 78, 93, 71, 20, 98, 49, 53, 31, 50, 54, 7, 10, 32, 4, 76, 51, 55, 39, 68, 61, 8, 11, 43, 33, 24, 5, 86, 64, 57, 77, 19, 48, 52, 30, 38, 56, 47, 29, 1, 40, 83, 73, 16, 13, 91, 69, 2, 41, 84, 45, 89, 74, 62, 17, 14, 35, 26, 92, 70, 97, 9, 3, 67, 60, 42, 23, 85, 37, 46, 28, 82, 12, 90, 44, 88, 34, 25, 96, 66, 59, 22]
[100, 99, 18, 19, 4, 78, 20, 27, 5, 34, 93, 41, 12, 36, 24, 81, 84, 63, 72, 92, 23, 91, 44, 66, 48, 45, 67, 49, 88, 0, 79, 21, 46, 68, 50, 60, 89, 28, 95, 56, 6, 1, 75, 31, 38, 98, 26, 35, 80, 83, 22, 43, 47, 59, 94, 30, 97, 42, 58, 15, 69, 51, 16, 10, 61, 70, 86, 54, 13, 8, 52, 17, 3, 77, 33, 40, 11, 62, 71, 90, 65, 87, 55, 74, 37, 25, 82, 29, 96, 57, 14, 9, 85, 53, 7, 2, 76, 32, 39, 64, 73]
{'$': 0, 'a': 1, 'c': 19, 'g': 45, 't': 71}
{'$': [0, 0, 0, 0, 0, 0, 0, 0, 0, 1, 1, 1, 1, 1, 1, 1, 1, 1, 1, 1, 1, 1, 1, 1, 1, 1, 1, 1, 1, 1, 1, 1, 1, 1, 1, 1, 1, 1, 1, 1, 1, 1, 1, 1, 1, 1, 1, 1, 1, 1, 1, 1, 1, 1, 1, 1, 1, 1, 1, 1, 1, 1, 1, 1, 1, 1, 1, 1, 1, 1, 1, 1, 1, 1, 1, 1, 1, 1, 1, 1, 1, 1, 1, 1, 1, 1, 1, 1, 1, 1, 1, 1, 1, 1, 1, 1, 1, 1, 1, 1, 1, 1], 'a': [0, 0, 0, 1, 1, 1, 1, 1, 1, 1, 1, 1, 1, 1, 2, 2, 3, 3, 3, 3, 3, 3, 3, 3, 3, 3, 3, 3, 3, 3, 3, 4, 4, 4, 4, 5, 5, 5, 5, 5, 5, 5, 5, 5, 5, 5, 5, 5, 6, 6, 6, 7, 7, 7, 7, 7, 7, 7, 7, 8, 8, 8, 9, 10, 10, 10, 10, 10, 10, 10, 10, 10, 10, 10, 10, 10, 10, 10, 10, 10, 10, 10, 10, 10, 10, 10, 10, 10, 11, 11, 12, 13, 13, 13, 13, 14, 14, 14, 15, 16, 17, 18], 'c': [0, 1, 2, 2, 3, 3, 3, 3, 3, 3, 4, 4, 4, 4, 4, 4, 4, 4, 4, 5, 6, 6, 6, 6, 6, 6, 6, 6, 6, 7, 8, 8, 8, 9, 9, 9, 10, 11, 11, 11, 11, 12, 13, 13, 14, 14, 15, 15, 15, 15, 16, 16, 16, 17, 17, 17, 18, 18, 18, 18, 19, 19, 19, 19, 19, 19, 20, 20, 20, 20, 20, 20, 20, 21, 21, 21, 21, 21, 21, 21, 21, 22, 22, 22, 22, 22, 22, 22, 22, 22, 22, 22, 23, 23, 24, 24, 25, 26, 26, 26, 26, 26], 'g': [0, 0, 0, 0, 0, 1, 1, 1, 1, 1, 1, 1, 1, 1, 1, 2, 2, 3, 4, 4, 4, 5, 5, 5, 6, 6, 7, 8, 9, 9, 9, 9, 9, 9, 9, 9, 9, 9, 10, 10, 10, 10, 10, 10, 10, 10, 10, 10, 10, 11, 11, 11, 12, 12, 13, 13, 13, 13, 13, 13, 13, 13, 13, 13, 13, 13, 13, 14, 15, 16, 16, 16, 17, 17, 18, 19, 19, 19, 20, 21, 21, 21, 22, 22, 22, 23, 23, 24, 24, 25, 25, 25, 25, 26, 26, 26, 26, 26, 26, 26, 26, 26], 't': [0, 0, 0, 0, 0, 0, 1, 2, 3, 3, 3, 4, 5, 6, 6, 6, 6, 6, 6, 6, 6, 6, 7, 8, 8, 9, 9, 9, 9, 9, 9, 9, 10, 10, 11, 11, 11, 11, 11, 12, 13, 13, 13, 14, 14, 15, 15, 16, 16, 16, 16, 16, 16, 16, 16, 17, 17, 18, 19, 19, 19, 20, 20, 20, 21, 22, 22, 22, 22, 22, 23, 24, 24, 24, 24, 24, 25, 26, 26, 26, 27, 27, 27, 28, 29, 29, 30, 30, 30, 30, 30, 30, 30, 30, 30, 30, 30, 30, 30, 30, 30, 30]}
{'$': [0, 0, 0, 0, 0, 0, 0, 0, 0, 0, 0, 0, 0, 0, 0, 0, 0, 0, 0, 0, 0, 0, 0, 0, 0, 0, 0, 0, 0, 0, 1, 1, 1, 1, 1, 1, 1, 1, 1, 1, 1, 1, 1, 1, 1, 1, 1, 1, 1, 1, 1, 1, 1, 1, 1, 1, 1, 1, 1, 1, 1, 1, 1, 1, 1, 1, 1, 1, 1, 1, 1, 1, 1, 1, 1, 1, 1, 1, 1, 1, 1, 1, 1, 1, 1, 1, 1, 1, 1, 1, 1, 1, 1, 1, 1, 1, 1, 1, 1, 1, 1, 1], 'a': [0, 1, 1, 1, 2, 2, 2, 3, 3, 4, 4, 4, 4, 4, 4, 4, 4, 4, 4, 4, 4, 4, 4, 4, 4, 4, 4, 4, 4, 4, 4, 5, 6, 6, 6, 6, 6, 6, 7, 7, 7, 8, 8, 8, 8, 8, 8, 8, 9, 9, 9, 9, 9, 9, 9, 10, 10, 10, 11, 11, 11, 11, 11, 11, 11, 11, 11, 11, 11, 12, 12, 12, 12, 12, 12, 12, 12, 12, 12, 12, 12, 12, 12, 12, 12, 13, 14, 15, 15, 15, 15, 15, 15, 16, 16, 16, 16, 16, 16, 16, 17, 18], 'c': [0, 0, 0, 0, 0, 0, 0, 0, 0, 0, 0, 1, 1, 1, 1, 2, 2, 2, 2, 2, 3, 3, 3, 3, 3, 3, 4, 5, 6, 6, 6, 6, 6, 7, 8, 9, 9, 10, 10, 10, 10, 10, 11, 11, 11, 11, 11, 11, 11, 12, 12, 13, 13, 14, 14, 14, 14, 14, 14, 14, 14, 15, 16, 16, 16, 17, 17, 17, 17, 17, 17, 17, 17, 17, 17, 17, 17, 17, 17, 17, 18, 18, 18, 18, 18, 18, 18, 18, 19, 20, 21, 21, 21, 21, 21, 22, 23, 24, 25, 26, 26, 26], 'g': [0, 0, 1, 1, 1, 1, 1, 1, 2, 2, 2, 2, 2, 2, 3, 3, 4, 5, 5, 5, 5, 6, 6, 7, 7, 8, 8, 8, 8, 8, 8, 8, 8, 8, 8, 8, 9, 9, 9, 10, 10, 10, 10, 10, 11, 11, 12, 12, 12, 12, 12, 12, 13, 13, 14, 14, 14, 14, 14, 14, 14, 14, 14, 15, 15, 15, 16, 16, 16, 16, 16, 17, 18, 18, 18, 18, 18, 19, 20, 21, 21, 21, 22, 23, 23, 23, 23, 23, 23, 23, 23, 24, 25, 25, 26, 26, 26, 26, 26, 26, 26, 26], 't': [0, 0, 0, 1, 1, 2, 3, 3, 3, 3, 4, 4, 5, 6, 6, 6, 6, 6, 7, 8, 8, 8, 9, 9, 10, 10, 10, 10, 10, 11, 11, 11, 11, 11, 11, 11, 11, 11, 11, 11, 12, 12, 12, 13, 13, 14, 14, 15, 15, 15, 16, 16, 16, 16, 16, 16, 17, 18, 18, 19, 20, 20, 20, 20, 21, 21, 21, 22, 23, 23, 24, 24, 24, 25, 26, 27, 28, 28, 28, 28, 28, 29, 29, 29, 30, 30, 30, 30, 30, 30, 30, 30, 30, 30, 30, 30, 30, 30, 30, 30, 30, 30]}
>chrom6
[100, 22, 57, 23, 96, 58, 24, 89, 2, 97, 59, 25, 90, 43, 3, 98, 94, 0, 68, 60, 26, 79, 37, 13, 91, 28, 81, 7, 44, 4, 74, 83, 39, 99, 21, 95, 88, 1, 67, 73, 72, 71, 70, 69, 52, 16, 55, 11, 53, 9, 61, 48, 32, 77, 46, 17, 63, 56, 36, 12, 27, 80, 38, 51, 15, 54, 10, 31, 62, 50, 14, 49, 33, 92, 86, 34, 29, 42, 93, 78, 6, 82, 20, 87, 66, 8, 47, 76, 45, 35, 30, 85, 41, 5, 19, 65, 75, 84, 40, 18, 64]
[100, 99, 73, 74, 39, 95, 1, 8, 75, 40, 96, 2, 9, 76, 41, 55, 97, 3, 25, 10, 77, 31, 71, 60, 18, 42, 86, 62, 16, 20, 5, 92, 56, 98, 38, 0, 30, 4, 29, 28, 27, 26, 82, 46, 36, 44, 88, 83, 47, 67, 53, 90, 51, 11, 22, 78, 32, 72, 7, 70, 85, 61, 19, 37, 45, 43, 87, 66, 89, 50, 84, 65, 49, 48, 68, 63, 13, 94, 54, 24, 59, 17, 15, 91, 81, 35, 52, 21, 6, 69, 64, 12, 93, 23, 58, 14, 80, 34, 57, 79, 33]
{'$': 0, 'a': 1, 'c': 33, 'g': 57, 't': 77}
{'$': [0, 0, 0, 0, 0, 0, 0, 0, 0, 0, 0, 0, 0, 0, 0, 0, 0, 0, 1, 1, 1, 1, 1, 1, 1, 1, 1, 1, 1, 1, 1, 1, 1, 1, 1, 1, 1, 1, 1, 1, 1, 1, 1, 1, 1, 1, 1, 1, 1, 1, 1, 1, 1, 1, 1, 1, 1, 1, 1, 1, 1, 1, 1, 1, 1, 1, 1, 1, 1, 1, 1, 1, 1, 1, 1, 1, 1, 1, 1, 1, 1, 1, 1, 1, 1, 1, 1, 1, 1, 1, 1, 1, 1, 1, 1, 1, 1, 1, 1, 1, 1, 1], 'a': [0, 0, 0, 0, 1, 1, 2, 3, 3, 3, 4, 5, 6, 7, 7, 8, 9, 9, 9, 9, 10, 11, 11, 11, 11, 12, 12, 12, 12, 13, 14, 14, 14, 14, 15, 15, 16, 16, 17, 17, 17, 17, 17, 17, 18, 18, 18, 18, 18, 18, 18, 19, 19, 19, 19, 19, 19, 19, 19, 19, 19, 20, 21, 22, 22, 22, 22, 22, 22, 22, 22, 23, 23, 23, 24, 24, 24, 25, 25, 25, 25, 25, 26, 26, 26, 26, 27, 27, 27, 28, 28, 28, 28, 28, 29, 29, 29, 30, 31, 32, 32, 32], 'c': [0, 1, 2, 2, 2, 3, 3, 3, 4, 5, 5, 5, 5, 5, 5, 5, 5, 5, 5, 6, 6, 6, 6, 6, 6, 6, 6, 6, 6, 6, 6, 7, 7, 7, 7, 7, 7, 7, 7, 7, 8, 9, 10, 11, 11, 11, 11, 11, 11, 12, 12, 12, 12, 12, 12, 12, 13, 13, 14, 14, 15, 15, 15, 15, 15, 15, 16, 17, 17, 18, 18, 18, 19, 20, 20, 20, 20, 20, 20, 20, 21, 21, 21, 21, 21, 21, 21, 22, 22, 22, 22, 22, 22, 22, 22, 22, 22, 22, 22, 22, 23, 24], 'g': [0, 0, 0, 1, 1, 1, 1, 1, 1, 1, 1, 1, 1, 1, 1, 1, 1, 1, 1, 1, 1, 1, 1, 2, 3, 3, 4, 5, 5, 5, 5, 5, 5, 6, 6, 6, 6, 6, 6, 6, 6, 6, 6, 6, 6, 7, 8, 9, 10, 10, 10, 10, 10, 11, 11, 11, 11, 12, 12, 12, 12, 12, 12, 12, 13, 14, 14, 14, 14, 14, 15, 15, 15, 15, 15, 15, 16, 16, 16, 17, 17, 17, 17, 17, 18, 18, 18, 18, 18, 18, 19, 20, 20, 20, 20, 20, 20, 20, 20, 20, 20, 20], 't': [0, 0, 0, 0, 0, 0, 0, 0, 0, 0, 0, 0, 0, 0, 1, 1, 1, 2, 2, 2, 2, 2, 3, 3, 3, 3, 3, 3, 4, 4, 4, 4, 5, 5, 5, 6, 6, 7, 7, 8, 8, 8, 8, 8, 8, 8, 8, 8, 8, 8, 9, 9, 10, 10, 11, 12, 12, 12, 12, 13, 13, 13, 13, 13, 13, 13, 13, 13, 14, 14, 14, 14, 14, 14, 14, 15, 15, 15, 16, 16, 16, 17, 17, 18, 18, 19, 19, 19, 20, 20, 20, 20, 21, 22, 22, 23, 24, 24, 24, 24, 24, 24]}
{'$': [0, 0, 0, 0, 0, 0, 0, 0, 0, 0, 0, 0, 0, 0, 0, 0, 0, 0, 0, 0, 0, 0, 0, 0, 0, 0, 0, 0, 0, 0, 0, 0, 0, 0, 0, 0, 1, 1, 1, 1, 1, 1, 1, 1, 1, 1, 1, 1, 1, 1, 1, 1, 1, 1, 1, 1, 1, 1, 1, 1, 1, 1, 1, 1, 1, 1, 1, 1, 1, 1, 1, 1, 1, 1, 1, 1, 1, 1, 1, 1, 1, 1, 1, 1, 1, 1, 1, 1, 1, 1, 1, 1, 1, 1, 1, 1, 1, 1, 1, 1, 1, 1], 'a': [0, 1, 1, 1, 2, 2, 2, 2, 2, 3, 4, 5, 6, 7, 8, 9, 9, 10, 11, 11, 12, 13, 13, 13, 13, 13, 14, 14, 14, 14, 14, 14, 14, 15, 16, 16, 16, 16, 17, 17, 17, 17, 18, 18, 18, 18, 18, 18, 18, 18, 18, 18, 18, 18, 19, 19, 20, 21, 22, 22, 22, 22, 23, 24, 24, 24, 25, 26, 26, 26, 26, 26, 26, 26, 26, 26, 27, 27, 27, 27, 27, 27, 28, 28, 28, 28, 28, 28, 29, 30, 30, 30, 30, 31, 31, 31, 31, 31, 31, 32, 32, 32], 'c': [0, 0, 1, 1, 1, 2, 2, 3, 3, 3, 3, 3, 3, 3, 3, 3, 3, 3, 3, 3, 3, 3, 4, 4, 4, 4, 4, 4, 4, 4, 4, 5, 5, 5, 5, 5, 5, 6, 6, 7, 8, 9, 9, 9, 9, 9, 9, 9, 10, 11, 11, 11, 11, 11, 11, 11, 11, 11, 11, 11, 11, 11, 11, 11, 12, 13, 13, 13, 13, 14, 14, 15, 15, 15, 16, 17, 17, 17, 17, 18, 18, 18, 18, 18, 19, 19, 19, 20, 20, 20, 20, 20, 21, 21, 22, 22, 22, 22, 22, 22, 23, 24], 'g': [0, 0, 0, 1, 1, 1, 1, 1, 2, 2, 2, 2, 2, 2, 2, 2, 2, 2, 2, 2, 2, 2, 2, 3, 3, 3, 3, 4, 5, 5, 6, 6, 6, 6, 6, 7, 7, 7, 7, 7, 7, 7, 7, 7, 8, 8, 9, 10, 10, 10, 11, 11, 12, 13, 13, 13, 13, 13, 13, 13, 13, 14, 14, 14, 14, 14, 14, 14, 15, 15, 16, 16, 16, 17, 17, 17, 17, 17, 17, 17, 17, 17, 17, 17, 17, 17, 17, 17, 17, 17, 18, 19, 19, 19, 19, 19, 20, 20, 20, 20, 20, 20], 't': [0, 0, 0, 0, 0, 0, 1, 1, 1, 1, 1, 1, 1, 1, 1, 1, 2, 2, 2, 3, 3, 3, 3, 3, 4, 5, 5, 5, 5, 6, 6, 6, 7, 7, 7, 7, 7, 7, 7, 7, 7, 7, 7, 8, 8, 9, 9, 9, 9, 9, 9, 10, 10, 10, 10, 11, 11, 11, 11, 12, 13, 13, 13, 13, 13, 13, 13, 13, 13, 13, 13, 13, 14, 14, 14, 14, 14, 15, 16, 16, 17, 18, 18, 19, 19, 20, 21, 21, 21, 21, 21, 21, 21, 21, 21, 22, 22, 23, 24, 24, 24, 24]}
>chrom7
[100, 97, 16, 52, 29, 26, 38, 98, 50, 87, 19, 94, 75, 17, 53, 30, 69, 27, 84, 11, 55, 7, 89, 39, 35, 72, 58, 99, 51, 25, 86, 93, 83, 6, 88, 5, 4, 20, 44, 64, 13, 32, 95, 67, 46, 76, 21, 18, 54, 57, 24, 82, 31, 66, 45, 81, 65, 80, 14, 48, 9, 33, 70, 91, 2, 62, 78, 0, 41, 96, 15, 28, 37, 49, 74, 68, 10, 34, 71, 85, 92, 3, 43, 63, 12, 56, 23, 79, 47, 8, 90, 1, 61, 77, 40, 36, 73, 42, 22, 60, 59]
[100, 46, 72, 69, 1, 82, 60, 10, 47, 92, 15, 73, 12, 5, 44, 80, 41, 70, 2, 30, 27, 64, 83, 88, 49, 24, 61, 0, 11, 4, 79, 48, 23, 78, 93, 94, 67, 53, 32, 16, 74, 13, 86, 6, 95, 35, 55, 99, 45, 68, 81, 29, 66, 85, 34, 54, 33, 17, 18, 58, 8, 90, 42, 21, 51, 97, 19, 75, 37, 71, 59, 9, 91, 14, 43, 40, 26, 63, 87, 3, 22, 77, 52, 31, 98, 28, 65, 84, 57, 7, 89, 20, 50, 96, 36, 39, 25, 62, 76, 56, 38]
{'$': 0, 'a': 1, 'c': 27, 'g': 47, 't': 69}
{'$': [0, 0, 0, 0, 0, 0, 0, 0, 0, 0, 0, 0, 0, 0, 0, 0, 0, 0, 0, 0, 0, 0, 0, 0, 0, 0, 0, 0, 0, 0, 0, 0, 0, 0, 0, 0, 0, 0, 0, 0, 0, 0, 0, 0, 0, 0, 0, 0, 0, 0, 0, 0, 0, 0, 0, 0, 0, 0, 0, 0, 0, 0, 0, 0, 0, 0, 0, 0, 1, 1, 1, 1, 1, 1, 1, 1, 1, 1, 1, 1, 1, 1, 1, 1, 1, 1, 1, 1, 1, 1, 1, 1, 1, 1, 1, 1, 1, 1, 1, 1, 1, 1], 'a': [0, 0, 0, 0, 0, 0, 0, 0, 1, 1, 1, 1, 1, 1, 2, 3, 4, 4, 5, 5, 5, 5, 5, 5, 6, 6, 6, 6, 7, 8, 8, 8, 8, 8, 8, 9, 9, 9, 10, 10, 10, 10, 10, 11, 11, 11, 12, 12, 13, 14, 14, 14, 14, 15, 15, 15, 15, 15, 15, 15, 15, 15, 15, 16, 16, 16, 16, 16, 16, 16, 16, 16, 17, 17, 17, 17, 17, 17, 17, 17, 18, 18, 18, 18, 18, 19, 20, 20, 20, 20, 21, 22, 22, 22, 22, 23, 24, 25, 25, 25, 25, 26], 'c': [0, 1, 1, 1, 2, 2, 3, 3, 3, 3, 4, 4, 5, 5, 5, 5, 5, 5, 5, 6, 6, 6, 7, 8, 8, 8, 8, 8, 8, 8, 8, 8, 8, 8, 9, 9, 10, 10, 10, 10, 10, 10, 10, 10, 10, 10, 10, 11, 11, 11, 11, 11, 11, 11, 11, 12, 12, 13, 13, 14, 14, 14, 15, 15, 15, 15, 15, 15, 15, 15, 16, 16, 16, 16, 16, 16, 17, 17, 17, 17, 17, 17, 17, 17, 17, 17, 17, 17, 17, 18, 18, 18, 18, 18, 19, 19, 19, 19, 19, 20, 20, 20], 'g': [0, 0, 0, 0, 0, 0, 0, 0, 0, 0, 0, 1, 1, 1, 1, 1, 1, 1, 1, 1, 1, 2, 2, 2, 2, 2, 2, 3, 3, 3, 4, 4, 4, 5, 5, 5, 5, 5, 5, 5, 5, 5, 6, 6, 7, 8, 8, 8, 8, 8, 8, 8, 9, 9, 10, 10, 11, 11, 11, 11, 11, 11, 11, 11, 11, 11, 11, 11, 11, 11, 11, 12, 12, 12, 13, 13, 13, 14, 15, 16, 16, 17, 18, 18, 19, 19, 19, 19, 20, 20, 20, 20, 21, 21, 21, 21, 21, 21, 22, 22, 22, 22], 't': [0, 0, 1, 2, 2, 3, 3, 4, 4, 5, 5, 5, 5, 6, 6, 6, 6, 7, 7, 7, 8, 8, 8, 8, 8, 9, 10, 10, 10, 10, 10, 11, 12, 12, 12, 12, 12, 13, 13, 14, 15, 16, 16, 16, 16, 16, 16, 16, 16, 16, 17, 18, 18, 18, 18, 18, 18, 18, 19, 19, 20, 21, 21, 21, 22, 23, 24, 25, 25, 26, 26, 26, 26, 27, 27, 28, 28, 28, 28, 28, 28, 28, 28, 29, 29, 29, 29, 30, 30, 30, 30, 30, 30, 31, 31, 31, 31, 31, 31, 31, 32, 32]}
{'$': [0, 0, 0, 0, 0, 0, 0, 0, 0, 0, 0, 0, 0, 0, 0, 0, 0, 0, 0, 0, 0, 0, 0, 0, 0, 0, 0, 0, 1, 1, 1, 1, 1, 1, 1, 1, 1, 1, 1, 1, 1, 1, 1, 1, 1, 1, 1, 1, 1, 1, 1, 1, 1, 1, 1, 1, 1, 1, 1, 1, 1, 1, 1, 1, 1, 1, 1, 1, 1, 1, 1, 1, 1, 1, 1, 1, 1, 1, 1, 1, 1, 1, 1, 1, 1, 1, 1, 1, 1, 1, 1, 1, 1, 1, 1, 1, 1, 1, 1, 1, 1, 1], 'a': [0, 0, 0, 0, 0, 0, 0, 0, 0, 1, 1, 1, 2, 2, 2, 2, 2, 2, 3, 4, 4, 4, 4, 5, 5, 5, 5, 6, 6, 7, 7, 7, 8, 8, 8, 9, 9, 9, 9, 9, 10, 11, 12, 12, 13, 13, 13, 13, 13, 14, 14, 15, 15, 15, 15, 15, 15, 15, 15, 15, 15, 15, 15, 16, 16, 16, 16, 16, 16, 16, 17, 17, 17, 17, 17, 17, 17, 17, 17, 17, 18, 18, 18, 18, 19, 19, 20, 21, 22, 22, 22, 23, 23, 24, 24, 24, 24, 25, 26, 26, 26, 26], 'c': [0, 0, 0, 0, 0, 1, 1, 1, 1, 1, 1, 1, 1, 2, 3, 3, 4, 4, 4, 4, 4, 4, 4, 4, 4, 5, 6, 6, 6, 6, 6, 7, 7, 7, 7, 7, 8, 8, 8, 8, 8, 8, 8, 8, 8, 9, 9, 9, 9, 9, 10, 10, 10, 10, 10, 10, 11, 12, 13, 13, 13, 13, 13, 13, 13, 13, 13, 13, 14, 14, 14, 14, 14, 14, 15, 15, 15, 15, 15, 16, 16, 16, 16, 16, 16, 16, 16, 16, 16, 16, 17, 17, 17, 17, 18, 19, 19, 19, 19, 19, 20, 20], 'g': [0, 1, 2, 2, 3, 3, 4, 4, 4, 4, 4, 4, 4, 4, 4, 4, 4, 4, 4, 4, 5, 5, 5, 5, 5, 5, 5, 5, 5, 5, 5, 5, 5, 5, 5, 5, 5, 6, 6, 6, 6, 6, 6, 7, 7, 7, 8, 9, 9, 9, 9, 9, 9, 9, 9, 10, 10, 10, 10, 11, 11, 11, 11, 11, 11, 11, 11, 12, 12, 12, 12, 13, 14, 15, 15, 16, 16, 16, 16, 16, 16, 17, 17, 18, 18, 19, 19, 19, 19, 19, 19, 19, 20, 20, 20, 20, 20, 20, 20, 21, 21, 22], 't': [0, 0, 0, 1, 1, 1, 1, 2, 3, 3, 4, 5, 5, 5, 5, 6, 6, 7, 7, 7, 7, 8, 9, 9, 10, 10, 10, 10, 10, 10, 11, 11, 11, 12, 13, 13, 13, 13, 14, 15, 15, 15, 15, 15, 15, 15, 15, 15, 16, 16, 16, 16, 17, 18, 19, 19, 19, 19, 19, 19, 20, 21, 22, 22, 23, 24, 25, 25, 25, 26, 26, 26, 26, 26, 26, 26, 27, 28, 29, 29, 29, 29, 30, 30, 30, 30, 30, 30, 30, 31, 31, 31, 31, 31, 31, 31, 32, 32, 32, 32, 32, 32]}
>chrom8
[100, 69, 70, 80, 5, 10, 71, 31, 74, 16, 81, 40, 6, 85, 78, 55, 11, 72, 66, 37, 25, 48, 95, 32, 99, 68, 30, 39, 77, 54, 47, 94, 76, 75, 17, 18, 27, 19, 2, 22, 64, 28, 20, 82, 43, 50, 3, 23, 41, 7, 90, 86, 79, 9, 84, 65, 36, 29, 46, 93, 1, 21, 83, 45, 44, 51, 56, 52, 62, 12, 57, 4, 73, 15, 24, 98, 67, 38, 53, 26, 63, 42, 49, 89, 8, 35, 92, 0, 61, 14, 97, 88, 34, 91, 60, 13, 96, 87, 33, 59, 58]
[100, 27, 28, 67, 29, 18, 88, 93, 21, 68, 51, 4, 30, 59, 44, 19, 33, 14, 89, 62, 25, 74, 94, 83, 17, 92, 58, 13, 24, 82, 23, 81, 22, 80, 79, 76, 96, 71, 77, 69, 52, 97, 5, 49, 31, 60, 72, 56, 45, 35, 0, 9, 87, 20, 43, 16, 78, 70, 48, 55, 34, 42, 15, 47, 54, 53, 98, 90, 6, 63, 37, 99, 26, 66, 50, 3, 32, 61, 73, 91, 57, 12, 75, 95, 8, 86, 41, 46, 36, 65, 2, 11, 7, 85, 40, 64, 1, 10, 84, 39, 38]
{'$': 0, 'a': 1, 'c': 24, 'g': 52, 't': 71}
{'$': [0, 0, 0, 0, 0, 0, 0, 0, 0, 0, 0, 0, 0, 0, 0, 0, 0, 0, 0, 0, 0, 0, 0, 0, 0, 0, 0, 0, 0, 0, 0, 0, 0, 0, 0, 0, 0, 0, 0, 0, 0, 0, 0, 0, 0, 0, 0, 0, 0, 0, 0, 0, 0, 0, 0, 0, 0, 0, 0, 0, 0, 0, 0, 0, 0, 0, 0, 0, 0, 0, 0, 0, 0, 0, 0, 0, 0, 0, 0, 0, 0, 0, 0, 0, 0, 0, 0, 0, 1, 1, 1, 1, 1, 1, 1, 1, 1, 1, 1, 1, 1, 1], 'a': [0, 0, 0, 1, 1, 1, 1, 2, 2, 2, 2, 3, 3, 4, 4, 4, 4, 5, 6, 6, 6, 6, 6, 6, 7, 7, 7, 7, 7, 7, 7, 7, 7, 7, 8, 9, 9, 9, 9, 9, 9, 9, 9, 9, 10, 10, 10, 10, 10, 11, 12, 12, 13, 14, 14, 14, 14, 14, 14, 14, 14, 14, 14, 14, 14, 14, 14, 15, 15, 15, 16, 16, 16, 17, 17, 17, 17, 18, 19, 19, 20, 20, 20, 21, 21, 21, 21, 21, 21, 21, 21, 21, 21, 21, 21, 21, 21, 22, 22, 23, 23, 23], 'c': [0, 1, 2, 2, 2, 2, 2, 2, 3, 3, 3, 3, 4, 4, 4, 5, 6, 6, 6, 6, 6, 6, 7, 8, 8, 8, 8, 8, 8, 9, 9, 9, 9, 10, 10, 10, 11, 11, 12, 12, 12, 12, 13, 14, 14, 14, 14, 15, 16, 16, 16, 16, 16, 16, 16, 16, 17, 17, 18, 18, 18, 18, 19, 20, 20, 21, 22, 22, 22, 22, 22, 22, 23, 23, 23, 24, 24, 24, 24, 24, 24, 24, 25, 25, 25, 26, 26, 26, 26, 26, 26, 26, 26, 26, 27, 27, 27, 27, 28, 28, 28, 28], 'g': [0, 0, 0, 0, 1, 1, 2, 2, 2, 2, 2, 2, 2, 2, 3, 3, 3, 3, 3, 4, 5, 5, 5, 5, 5, 5, 5, 6, 6, 6, 6, 7, 8, 8, 8, 8, 8, 8, 8, 9, 10, 10, 10, 10, 10, 10, 10, 10, 10, 10, 10, 10, 10, 10, 10, 11, 11, 11, 11, 12, 12, 12, 12, 12, 13, 13, 13, 13, 14, 14, 14, 15, 15, 15, 15, 15, 15, 15, 15, 16, 16, 17, 17, 17, 17, 17, 17, 17, 17, 17, 17, 17, 17, 17, 17, 17, 18, 18, 18, 18, 18, 19], 't': [0, 0, 0, 0, 0, 1, 1, 1, 1, 2, 3, 3, 3, 3, 3, 3, 3, 3, 3, 3, 3, 4, 4, 4, 4, 5, 6, 6, 7, 7, 8, 8, 8, 8, 8, 8, 8, 9, 9, 9, 9, 10, 10, 10, 10, 11, 12, 12, 12, 12, 12, 13, 13, 13, 14, 14, 14, 15, 15, 15, 16, 17, 17, 17, 17, 17, 17, 17, 17, 18, 18, 18, 18, 18, 19, 19, 20, 20, 20, 20, 20, 20, 20, 20, 21, 21, 22, 23, 23, 24, 25, 26, 27, 28, 28, 29, 29, 29, 29, 29, 30, 30]}
{'$': [0, 0, 0, 0, 0, 0, 0, 0, 0, 0, 0, 0, 0, 0, 0, 0, 0, 0, 0, 0, 0, 0, 0, 0, 0, 0, 0, 0, 0, 0, 0, 0, 0, 0, 0, 0, 0, 0, 0, 0, 0, 0, 0, 0, 0, 0, 0, 0, 0, 0, 0, 1, 1, 1, 1, 1, 1, 1, 1, 1, 1, 1, 1, 1, 1, 1, 1, 1, 1, 1, 1, 1, 1, 1, 1, 1, 1, 1, 1, 1, 1, 1, 1, 1, 1, 1, 1, 1, 1, 1, 1, 1, 1, 1, 1, 1, 1, 1, 1, 1, 1, 1], 'a': [0, 0, 0, 1, 1, 2, 2, 2, 2, 2, 3, 3, 3, 4, 4, 4, 5, 5, 5, 6, 6, 6, 6, 7, 7, 7, 7, 7, 7, 7, 7, 7, 7, 8, 8, 8, 8, 8, 8, 8, 9, 10, 10, 11, 11, 12, 13, 13, 13, 14, 14, 14, 14, 14, 15, 15, 15, 15, 15, 15, 15, 16, 16, 17, 17, 17, 17, 17, 18, 18, 19, 19, 19, 20, 20, 20, 20, 20, 20, 20, 20, 20, 20, 21, 22, 22, 22, 22, 22, 22, 22, 22, 22, 22, 22, 22, 22, 22, 22, 23, 23, 23], 'c': [0, 0, 0, 0, 0, 0, 1, 1, 2, 2, 2, 2, 2, 2, 3, 3, 3, 3, 4, 4, 4, 5, 5, 5, 6, 6, 6, 6, 6, 7, 8, 9, 10, 10, 11, 11, 11, 11, 11, 12, 12, 12, 13, 13, 13, 13, 13, 14, 14, 14, 14, 14, 14, 14, 14, 14, 14, 15, 16, 16, 16, 16, 16, 16, 16, 16, 17, 18, 18, 19, 19, 19, 19, 19, 19, 20, 20, 21, 22, 23, 23, 24, 24, 24, 24, 24, 24, 24, 25, 26, 26, 26, 26, 26, 26, 26, 26, 27, 28, 28, 28, 28], 'g': [0, 0, 0, 0, 0, 0, 0, 1, 1, 2, 2, 2, 2, 2, 2, 3, 3, 3, 3, 3, 3, 3, 3, 3, 3, 4, 4, 4, 4, 4, 4, 4, 4, 4, 4, 5, 5, 5, 6, 6, 6, 6, 6, 6, 7, 7, 7, 7, 8, 8, 9, 9, 9, 9, 9, 10, 11, 11, 11, 12, 13, 13, 13, 13, 13, 14, 14, 14, 14, 14, 14, 14, 15, 15, 15, 15, 15, 15, 15, 15, 16, 16, 16, 16, 16, 16, 16, 16, 16, 16, 16, 16, 16, 17, 17, 17, 18, 18, 18, 18, 18, 19], 't': [0, 1, 2, 2, 3, 3, 3, 3, 3, 3, 3, 4, 5, 5, 5, 5, 5, 6, 6, 6, 7, 7, 8, 8, 8, 8, 9, 10, 11, 11, 11, 11, 11, 11, 11, 11, 12, 13, 13, 13, 13, 13, 13, 13, 13, 13, 13, 13, 13, 13, 13, 13, 14, 15, 15, 15, 15, 15, 15, 15, 15, 15, 16, 16, 17, 17, 17, 17, 17, 17, 17, 18, 18, 18, 19, 19, 20, 20, 20, 20, 20, 20, 21, 21, 21, 22, 23, 24, 24, 24, 25, 26, 27, 27, 28, 29, 29, 29, 29, 29, 30, 30]}
>chrom9
[100, 99, 98, 15, 16, 27, 17, 83, 64, 71, 28, 18, 84, 93, 56, 52, 39, 25, 62, 69, 65, 75, 30, 1, 72, 14, 82, 38, 24, 29, 46, 5, 19, 47, 67, 6, 8, 43, 85, 77, 35, 10, 96, 60, 20, 48, 32, 55, 68, 13, 23, 45, 4, 7, 42, 9, 95, 59, 22, 44, 3, 94, 58, 57, 86, 87, 78, 88, 50, 36, 53, 11, 40, 79, 89, 97, 26, 63, 70, 92, 51, 61, 74, 0, 81, 37, 66, 76, 34, 31, 54, 12, 41, 21, 2, 49, 91, 73, 80, 33, 90]
[100, 81, 82, 83, 15, 71, 27, 34, 0, 69, 74, 84, 60, 16, 30, 43, 98, 72, 28, 35, 1, 37, 47, 24, 6, 80, 14, 70, 79, 51, 52, 93, 91, 89, 3, 53, 39, 94, 75, 56, 85, 32, 67, 22, 61, 64, 17, 59, 42, 46, 5, 13, 92, 90, 88, 55, 31, 21, 63, 41, 4, 12, 54, 20, 40, 11, 10, 95, 76, 96, 77, 49, 57, 44, 86, 99, 26, 33, 68, 73, 29, 97, 36, 23, 78, 50, 2, 38, 66, 58, 45, 87, 62, 19, 9, 48, 25, 65, 18, 8, 7]
{'$': 0, 'a': 1, 'c': 25, 'g': 47, 't': 75}
{'$': [0, 0, 0, 0, 0, 0, 0, 0, 0, 0, 0, 0, 0, 0, 0, 0, 0, 0, 0, 0, 0, 0, 0, 0, 0, 0, 0, 0, 0, 0, 0, 0, 0, 0, 0, 0, 0, 0, 0, 0, 0, 0, 0, 0, 0, 0, 0, 0, 0, 0, 0, 0, 0, 0, 0, 0, 0, 0, 0, 0, 0, 0, 0, 0, 0, 0, 0, 0, 0, 0, 0, 0, 0, 0, 0, 0, 0, 0, 0, 0, 0, 0, 0, 0, 1, 1, 1, 1, 1, 1, 1, 1, 1, 1, 1, 1, 1, 1, 1, 1, 1, 1], 'a': [0, 1, 2, 2, 2, 3, 3, 4, 4, 4, 4, 5, 6, 7, 7, 7, 7, 7, 7, 7, 7, 8, 8, 8, 8, 9, 9, 9, 9, 9, 10, 10, 10, 11, 11, 11, 11, 11, 11, 12, 12, 12, 12, 12, 12, 12, 12, 12, 12, 12, 12, 12, 12, 12, 12, 12, 12, 12, 12, 12, 12, 12, 13, 13, 14, 14, 14, 14, 14, 14, 14, 15, 15, 16, 16, 16, 16, 17, 18, 19, 19, 19, 19, 19, 19, 19, 19, 20, 21, 21, 22, 22, 22, 22, 22, 23, 23, 23, 24, 24, 24, 24], 'c': [0, 0, 0, 0, 1, 1, 1, 1, 2, 2, 2, 2, 2, 2, 2, 2, 2, 3, 4, 4, 4, 4, 4, 5, 5, 5, 5, 5, 5, 5, 5, 5, 5, 5, 6, 6, 7, 7, 7, 7, 7, 7, 7, 7, 7, 8, 9, 9, 9, 10, 10, 10, 10, 10, 11, 11, 12, 12, 12, 12, 13, 13, 13, 13, 13, 14, 14, 15, 15, 15, 16, 16, 17, 17, 17, 17, 18, 18, 18, 18, 18, 18, 19, 19, 19, 19, 19, 19, 19, 19, 19, 19, 19, 19, 20, 20, 21, 21, 21, 21, 22, 22], 'g': [0, 0, 0, 0, 0, 0, 0, 0, 0, 0, 0, 0, 0, 0, 0, 1, 1, 1, 1, 1, 2, 2, 2, 2, 2, 2, 3, 3, 3, 4, 4, 5, 6, 6, 6, 6, 6, 7, 8, 8, 8, 8, 9, 10, 11, 11, 11, 11, 11, 11, 11, 12, 13, 14, 14, 14, 14, 15, 16, 16, 16, 16, 16, 17, 17, 17, 18, 18, 19, 19, 19, 19, 19, 19, 20, 21, 21, 21, 21, 21, 21, 22, 22, 22, 22, 22, 23, 23, 23, 23, 23, 24, 25, 26, 26, 26, 26, 26, 26, 27, 27, 28], 't': [0, 0, 0, 1, 1, 1, 2, 2, 2, 3, 4, 4, 4, 4, 5, 5, 6, 6, 6, 7, 7, 7, 8, 8, 9, 9, 9, 10, 11, 11, 11, 11, 11, 11, 11, 12, 12, 12, 12, 12, 13, 14, 14, 14, 14, 14, 14, 15, 16, 16, 17, 17, 17, 17, 17, 18, 18, 18, 18, 19, 19, 20, 20, 20, 20, 20, 20, 20, 20, 21, 21, 21, 21, 21, 21, 21, 21, 21, 21, 21, 22, 22, 22, 23, 23, 24, 24, 24, 24, 25, 25, 25, 25, 25, 25, 25, 25, 26, 26, 26, 26, 26]}
{'$': [0, 0, 0, 0, 0, 0, 0, 0, 0, 1, 1, 1, 1, 1, 1, 1, 1, 1, 1, 1, 1, 1, 1, 1, 1, 1, 1, 1, 1, 1, 1, 1, 1, 1, 1, 1, 1, 1, 1, 1, 1, 1, 1, 1, 1, 1, 1, 1, 1, 1, 1, 1, 1, 1, 1, 1, 1, 1, 1, 1, 1, 1, 1, 1, 1, 1, 1, 1, 1, 1, 1, 1, 1, 1, 1, 1, 1, 1, 1, 1, 1, 1, 1, 1, 1, 1, 1, 1, 1, 1, 1, 1, 1, 1, 1, 1, 1, 1, 1, 1, 1, 1], 'a': [0, 0, 0, 1, 2, 2, 2, 2, 2, 2, 2, 2, 3, 3, 4, 4, 4, 4, 5, 6, 7, 8, 8, 8, 8, 8, 8, 8, 9, 9, 9, 9, 9, 9, 9, 9, 9, 9, 9, 10, 10, 11, 11, 11, 11, 12, 12, 13, 13, 13, 13, 13, 13, 13, 13, 13, 13, 14, 14, 14, 14, 14, 14, 14, 14, 14, 14, 14, 14, 14, 14, 14, 14, 14, 15, 15, 16, 16, 16, 16, 17, 18, 18, 19, 19, 19, 19, 20, 21, 21, 21, 21, 21, 21, 21, 21, 22, 23, 23, 23, 23, 24], 'c': [0, 0, 1, 1, 1, 2, 3, 3, 3, 3, 3, 3, 3, 3, 3, 3, 3, 3, 3, 3, 3, 3, 3, 3, 3, 3, 4, 4, 4, 4, 4, 5, 5, 5, 5, 5, 6, 6, 7, 7, 7, 7, 7, 7, 7, 7, 7, 7, 7, 7, 7, 7, 7, 8, 9, 9, 9, 9, 9, 9, 9, 10, 10, 11, 11, 12, 12, 12, 13, 14, 14, 14, 14, 15, 15, 16, 16, 16, 17, 18, 18, 18, 18, 18, 19, 19, 19, 19, 19, 19, 19, 19, 19, 20, 20, 20, 20, 20, 21, 22, 22, 22], 'g': [0, 0, 0, 0, 0, 0, 0, 0, 0, 0, 0, 0, 0, 1, 1, 1, 2, 2, 2, 2, 2, 2, 2, 3, 3, 4, 4, 5, 5, 5, 5, 5, 6, 7, 8, 8, 8, 8, 8, 8, 9, 9, 10, 10, 11, 11, 12, 12, 12, 13, 13, 14, 15, 15, 15, 15, 16, 16, 17, 17, 18, 18, 19, 19, 19, 19, 20, 20, 20, 20, 21, 22, 22, 22, 22, 22, 22, 22, 22, 22, 22, 22, 23, 23, 23, 24, 25, 25, 25, 25, 26, 27, 28, 28, 28, 28, 28, 28, 28, 28, 28, 28], 't': [0, 1, 1, 1, 1, 1, 1, 2, 3, 3, 4, 5, 5, 5, 5, 6, 6, 7, 7, 7, 7, 7, 8, 8, 9, 9, 9, 9, 9, 10, 11, 11, 11, 11, 11, 12, 12, 13, 13, 13, 13, 13, 13, 14, 14, 14, 14, 14, 15, 15, 16, 16, 16, 16, 16, 17, 17, 17, 17, 18, 18, 18, 18, 18, 19, 19, 19, 20, 20, 20, 20, 20, 21, 21, 21, 21, 21, 22, 22, 22, 22, 22, 22, 22, 22, 22, 22, 22, 22, 23, 23, 23, 23, 23, 24, 25, 25, 25, 25, 25, 26, 26]}
